System	Subsystem	Description	BR:MCF7	BR:MDA-MB-231	BR:HS 578T	BR:BT-549	BR:T-47D	CNS:SF-268	CNS:SF-295	CNS:SF-539	CNS:SNB-19	CNS:SNB-75	CNS:U251	CO:COLO 205	CO:HCC-2998	CO:HCT-116	CO:HCT-15	CO:HT29	CO:KM12	CO:SW-620	LE:CCRF-CEM	LE:HL-60(TB)	LE:K-562	LE:MOLT-4	LE:RPMI-8226	LE:SR	ME:LOX IMVI	ME:MALME-3M	ME:M14	ME:SK-MEL-2	ME:SK-MEL-28	ME:SK-MEL-5	ME:UACC-257	ME:UACC-62	ME:MDA-MB-435	LC:A549/ATCC	LC:EKVX	LC:HOP-62	LC:HOP-92	LC:NCI-H226	LC:NCI-H23	LC:NCI-H322M	LC:NCI-H460	LC:NCI-H522	OV:IGROV1	OV:OVCAR-3	OV:OVCAR-4	OV:OVCAR-5	OV:OVCAR-8	OV:SK-OV-3	OV:NCI/ADR-RES	PR:PC-3	PR:DU-145	RE:786-0	RE:A498	RE:ACHN	RE:CAKI-1	RE:RXF 393	RE:SN12C	RE:TK-10	RE:UO-31	Lung metastasis	Brain metastasis	Breast Cancer
ENERGY METABOLISM	OXYDATIVE PHOSPHORYLATION	Oxidative phosphorylation via NADH-coenzyme Q oxidoreductase (COMPLEX I)	1000	1000	1000	1000	1000	1000	1000	1000	1000	1000	1000	1000	1000	1000	1000	1000	1000	1000	1000	1000	1000	1000	1000	1000	1000	1000	1000	1000	1000	1000	1000	1000	1000	1000	1000	1000	1000	1000	1000	1000	1000	1000	1000	1000	1000	1000	1000	1000	1000	1000	1000	1000	1000	1000	1000	1000	1000	1000	1000	1000	1000	1000
ENERGY METABOLISM	OXYDATIVE PHOSPHORYLATION	Oxidative phosphorylation via succinate-coenzyme Q oxidoreductase (COMPLEX II)	1000	1000	1000	1000	1000	1000	1000	1000	1000	1000	1000	1000	1000	1000	1000	1000	1000	1000	1000	1000	1000	1000	1000	1000	1000	1000	1000	1000	1000	1000	1000	1000	1000	1000	1000	1000	1000	1000	1000	1000	1000	1000	1000	1000	1000	1000	1000	1000	1000	1000	1000	1000	1000	1000	1000	1000	1000	1000	1000	1000	1000	1000
ENERGY METABOLISM	KREBS CYCLE	Krebs cycle - oxidative decarboxylation of pyruvate	1000	1000	1000	1000	1000	1000	1000	1000	1000	1000	1000	1000	1000	1000	1000	1000	1000	1000	1000	1000	1000	1000	1000	1000	1000	1000	1000	1000	1000	1000	1000	1000	1000	1000	1000	1000	1000	1000	1000	1000	1000	1000	1000	1000	1000	1000	1000	1000	1000	1000	1000	1000	1000	1000	1000	1000	1000	1000	1000	1000	1000	1000
ENERGY METABOLISM	KREBS CYCLE	Krebs cycle - NADH generation	1000	1000	1000	1000	1000	1000	1000	1000	1000	1000	1000	1000	1000	1000	1000	1000	1000	1000	1000	1000	1000	1000	1000	1000	1000	1000	1000	1000	1000	1000	1000	1000	1000	1000	1000	1000	1000	1000	1000	1000	1000	1000	1000	1000	1000	1000	1000	1000	1000	1000	1000	1000	1000	1000	1000	1000	1000	1000	1000	1000	1000	1000
ENERGY METABOLISM	ATP GENERATION	ATP regeneration from glucose (normoxic conditions) - glycolysis + krebs cycle	1000	1000	1000	1000	1000	1000	1000	1000	1000	1000	1000	1000	1000	1000	1000	1000	1000	1000	1000	1000	1000	1000	1000	1000	1000	1000	1000	1000	1000	1000	1000	1000	1000	1000	1000	1000	1000	1000	1000	1000	1000	1000	1000	1000	1000	1000	1000	1000	1000	1000	1000	1000	1000	1000	1000	1000	1000	1000	1000	1000	1000	1000
ENERGY METABOLISM	ATP GENERATION	ATP generation from glucose (hypoxic conditions) - glycolysis	1000	1000	1000	1000	1000	1000	1000	1000	1000	1000	1000	1000	1000	1000	1000	1000	1000	1000	1000	1000	1000	1000	1000	1000	1000	1000	1000	1000	1000	1000	1000	1000	1000	1000	1000	1000	1000	1000	1000	1000	1000	1000	1000	1000	1000	1000	1000	1000	1000	1000	1000	1000	1000	1000	1000	1000	1000	1000	1000	1000	1000	1000
ENERGY METABOLISM	OXIDATIVE PHOSPHORYLATION & ROS DETOXIFICATION	Reactive oxygen species detoxification (H2O2 to H2O)	1000	1000	1000	1000	1000	1000	1000	1000	1000	1000	1000	1000	1000	1000	1000	1000	233	1000	1000	1000	1000	1000	1000	1000	1000	1000	1000	1000	1000	1000	1000	1000	1000	1000	1000	1000	1000	1000	1000	1000	1000	1000	1000	1000	1000	1000	1000	1000	1000	1000	1000	1000	1000	1000	1000	1000	1000	1000	1000	1000	1000	1000
ENERGY METABOLISM	REDOX METABOLISM	Presence of the thioredoxin system through the thioredoxin reductase activity	1000	1000	1000	1000	1000	1000	1000	1000	1000	1000	1000	1000	1000	1000	1000	1000	1000	1000	1000	1000	1000	1000	1000	1000	1000	1000	1000	1000	1000	1000	1000	1000	1000	1000	1000	1000	1000	1000	1000	1000	1000	1000	1000	1000	1000	1000	1000	1000	1000	1000	1000	1000	1000	1000	1000	1000	1000	1000	1000	1000	1000	1000
NUCLEOTIDE METABOLISM	IMP SYNTHESIS - PURINE METABOLISM	Inosine monophosphate synthesis (IMP)	1000	1000	1000	1000	1000	1000	1000	1000	1000	1000	1000	1000	1000	1000	1000	1000	1000	1000	1000	1000	1000	1000	1000	1000	1000	1000	1000	1000	1000	1000	1000	1000	1000	1000	1000	1000	1000	1000	1000	1000	1000	1000	1000	1000	1000	1000	1000	1000	1000	1000	1000	1000	1000	1000	1000	1000	1000	1000	1000	1000	1000	1000
NUCLEOTIDE METABOLISM	UMP SYNTHESIS	Cytidine triphosphate synthesis (CTP)	1000	1000	1000	1000	1000	1000	1000	1000	1000	1000	1000	1000	1000	1000	1000	1000	1000	1000	1000	1000	1000	1000	1000	1000	1000	1000	1000	1000	1000	1000	1000	1000	1000	1000	1000	1000	1000	1000	1000	1000	1000	1000	1000	1000	1000	1000	1000	1000	1000	1000	1000	1000	1000	1000	1000	1000	1000	1000	1000	1000	1000	1000
NUCLEOTIDE METABOLISM	IMP SYNTHESIS - PURINE METABOLISM	Guanosine triphosphate synthesis (GTP)	1000	1000	1000	1000	1000	1000	1000	1000	1000	1000	1000	1000	1000	1000	1000	1000	1000	1000	1000	1000	1000	1000	1000	1000	1000	1000	1000	1000	1000	1000	1000	1000	1000	1000	1000	1000	1000	1000	1000	1000	1000	1000	1000	1000	1000	1000	1000	1000	1000	1000	1000	1000	1000	1000	1000	1000	1000	1000	1000	1000	1000	1000
NUCLEOTIDE METABOLISM	UMP SYNTHESIS	Uridine triphosphate synthesis (UTP)	1000	1000	1000	1000	1000	1000	1000	1000	1000	1000	1000	1000	1000	1000	1000	1000	1000	1000	1000	1000	1000	1000	1000	1000	1000	1000	1000	1000	1000	1000	1000	1000	1000	1000	1000	1000	1000	1000	1000	1000	1000	1000	1000	1000	1000	1000	1000	1000	1000	1000	1000	1000	1000	1000	1000	1000	1000	1000	1000	1000	1000	1000
NUCLEOTIDE METABOLISM	DEOXYNUCLEOTIDES SYNTHESIS	Deoxyadenosine triphosphate synthesis (dATP)	1000	1000	1000	1000	1000	1000	1000	1000	1000	1000	1000	1000	1000	1000	1000	1000	1000	1000	1000	1000	1000	1000	1000	1000	1000	1000	1000	1000	1000	1000	1000	1000	1000	1000	1000	1000	1000	1000	1000	1000	1000	1000	1000	1000	1000	1000	1000	1000	1000	1000	1000	1000	1000	1000	1000	1000	1000	1000	1000	1000	1000	1000
NUCLEOTIDE METABOLISM	DEOXYNUCLEOTIDES SYNTHESIS	Deoxycytidine triphosphate synthesis (dCTP)	1000	1000	1000	1000	1000	1000	1000	1000	1000	1000	1000	1000	1000	1000	1000	1000	1000	1000	1000	1000	1000	1000	1000	1000	1000	1000	1000	1000	1000	1000	1000	1000	1000	1000	1000	1000	1000	1000	1000	1000	1000	1000	1000	1000	1000	1000	1000	1000	1000	1000	1000	1000	1000	1000	1000	1000	1000	1000	1000	1000	1000	1000
NUCLEOTIDE METABOLISM	DEOXYNUCLEOTIDES SYNTHESIS	Deoxyguanosine triphosphate synthesis (dGTP)	1000	1000	1000	1000	1000	1000	1000	1000	1000	1000	1000	1000	1000	1000	1000	1000	1000	1000	1000	1000	1000	1000	1000	1000	1000	1000	1000	1000	1000	1000	1000	1000	1000	1000	1000	1000	1000	1000	1000	1000	1000	1000	1000	1000	1000	1000	1000	1000	1000	1000	1000	1000	1000	1000	1000	1000	1000	1000	1000	1000	1000	1000
NUCLEOTIDE METABOLISM	DEOXYNUCLEOTIDES SYNTHESIS	Deoxyuridine triphosphate synthesis (dUTP)	1000	1000	1000	1000	1000	1000	1000	1000	1000	1000	1000	1000	1000	1000	1000	1000	1000	1000	1000	1000	1000	1000	1000	1000	1000	1000	1000	1000	1000	1000	1000	1000	1000	1000	1000	1000	1000	1000	1000	1000	1000	1000	1000	1000	1000	1000	1000	1000	1000	1000	1000	1000	1000	1000	1000	1000	1000	1000	1000	1000	1000	1000
NUCLEOTIDE METABOLISM	DEOXYNUCLEOTIDES SYNTHESIS	Deoxythymidine triphosphate synthesis (dTTP)	1000	1000	1000	1000	1000	1000	1000	1000	1000	1000	1000	1000	1000	1000	1000	1000	1000	1000	1000	1000	1000	1000	1000	1000	1000	1000	1000	1000	1000	1000	1000	1000	1000	1000	1000	1000	1000	1000	1000	1000	1000	1000	1000	1000	1000	1000	1000	1000	1000	1000	1000	1000	1000	1000	1000	1000	1000	1000	1000	1000	1000	1000
NUCLEOTIDE METABOLISM	SALVAGE	AMP salvage from adenine	1000	1000	1000	1000	1000	1000	1000	1000	1000	1000	1000	1000	1000	1000	1000	1000	1000	1000	1000	1000	1000	1000	1000	1000	1000	1000	1000	1000	1000	1000	1000	1000	1000	1000	1000	1000	1000	1000	1000	1000	1000	1000	1000	1000	1000	1000	1000	1000	1000	1000	1000	1000	1000	1000	1000	1000	1000	1000	1000	1000	1000	1000
NUCLEOTIDE METABOLISM	SALVAGE	IMP salvage from hypoxanthine	1000	1000	1000	1000	1000	1000	1000	1000	1000	1000	1000	1000	1000	1000	1000	1000	1000	1000	1000	1000	1000	1000	1000	1000	1000	1000	1000	1000	1000	1000	1000	1000	1000	1000	1000	1000	1000	1000	1000	1000	1000	1000	1000	1000	1000	1000	1000	1000	1000	1000	1000	1000	1000	1000	1000	1000	1000	1000	1000	1000	1000	1000
NUCLEOTIDE METABOLISM	SALVAGE	GMP salvage from guanine	1000	1000	1000	1000	1000	1000	1000	1000	1000	1000	1000	1000	1000	1000	1000	1000	1000	1000	1000	1000	1000	1000	1000	1000	1000	1000	1000	1000	1000	1000	1000	1000	1000	1000	1000	1000	1000	1000	1000	1000	1000	1000	1000	1000	1000	1000	1000	1000	1000	1000	1000	1000	1000	1000	1000	1000	1000	1000	1000	1000	1000	1000
NUCLEOTIDE METABOLISM	COFACTOR	3'-Phospho-5'-adenylyl sulfate synthesis	1000	1000	1000	1000	1000	1000	1000	1000	1000	1000	1000	1000	1000	1000	1000	1000	1000	1000	1000	1000	1000	1000	1000	1000	1000	1000	1000	1000	1000	1000	1000	1000	1000	1000	1000	1000	1000	1000	1000	1000	1000	1000	1000	1000	1000	1000	1000	1000	1000	1000	1000	1000	1000	1000	1000	1000	1000	1000	1000	1000	1000	1000
NUCLEOTIDE METABOLISM	PURINE CATABOLISM	Degradation of adenine to urate	0	0	0	0	0	0	0	0	0	0	0	0	0	0	0	0	0	0	0	0	0	0	1000	0	0	0	0	0	0	0	0	0	0	0	0	0	0	0	0	0	0	0	0	0	0	0	0	0	0	0	0	0	0	0	0	0	0	0	0	1000	1000	1000
NUCLEOTIDE METABOLISM	PURINE CATABOLISM	Degradation of guanine to urate	0	0	0	0	0	0	0	0	0	0	0	0	0	0	0	0	0	0	0	0	0	0	1000	0	0	0	0	0	0	0	0	0	0	0	0	0	0	0	0	0	0	0	0	0	0	0	0	0	0	0	0	0	0	0	0	0	0	0	0	1000	1000	1000
NUCLEOTIDE METABOLISM	PYRIMIDINE CATABOLISM	Degradation of cytosine	0	0	0	1000	0	0	0	0	0	0.00000115956057551951	0	0	0	0	0	0	0	1000	0	0	0	1000	0	0	0	0	0	1000	0	0	0	1000	0	0	0	0	0	0	0	0	0	0	0	0	0	0	0	0	0	0	0	1000	1000	0	0	1000	0	0	0	1000	1000	1000
NUCLEOTIDE METABOLISM	PYRIMIDINE CATABOLISM	Degradation of uracil	0	0	0	1000	0	0	0	0	0	0.0000319991362258117	0	0	0	0	0	0	0	1000	0	0	0	1000	0	0	0	0	0	1000	0	0	0	1000	0	0	0	0	0	0	0	0	0	0	0	0	0	0	0	0	0	0	0	1000	1000	0	0	1000	0	0	0	1000	1000	1000
CARBOHYDRATES METABOLISM	GLUCONEOGENESIS	Gluconeogenesis from pyruvate	1000	1000	1000	1000	1000	1000	1000	1000	1000	1000	1000	1000	1000	1000	1000	1000	1000	1000	1000	1000	1000	1000	1000	1000	1000	1000	1000	1000	1000	1000	1000	1000	1000	1000	1000	1000	1000	1000	1000	1000	1000	1000	1000	1000	1000	1000	1000	1000	1000	1000	1000	1000	1000	1000	1000	1000	1000	1000	1000	1000	1000	1000
CARBOHYDRATES METABOLISM	GLUCONEOGENESIS	Gluconeogenesis from Lactate	1000	1000	1000	1000	1000	1000	1000	1000	1000	1000	1000	1000	1000	1000	1000	1000	1000	1000	1000	1000	1000	1000	1000	1000	1000	1000	1000	1000	1000	1000	1000	1000	1000	1000	1000	1000	1000	1000	1000	1000	1000	1000	1000	1000	1000	1000	1000	1000	1000	1000	1000	1000	1000	1000	1000	1000	1000	1000	1000	1000	1000	1000
CARBOHYDRATES METABOLISM	GLUCONEOGENESIS	Gluconeogenesis from Glycerol	1000	1000	1000	1000	1000	1000	1000	1000	1000	1000	1000	1000	1000	1000	1000	1000	1000	1000	1000	1000	1000	1000	1000	1000	1000	1000	1000	1000	1000	1000	1000	1000	1000	1000	1000	1000	1000	1000	1000	1000	1000	1000	1000	1000	1000	1000	1000	1000	1000	1000	1000	1000	1000	1000	1000	1000	1000	1000	1000	1000	1000	1000
CARBOHYDRATES METABOLISM	GLUCONEOGENESIS	Gluconeogenesis from Alanine	1000	1000	1000	1000	1000	1000	1000	1000	1000	1000	1000	1000	1000	1000	1000	1000	1000	1000	1000	1000	1000	1000	1000	1000	1000	1000	1000	1000	1000	1000	1000	1000	1000	1000	1000	1000	1000	1000	1000	1000	1000	1000	1000	1000	1000	1000	1000	1000	1000	1000	1000	1000	1000	1000	1000	1000	1000	1000	1000	1000	1000	1000
CARBOHYDRATES METABOLISM	GLUCONEOGENESIS	Gluconeogenesis from Glutamine	1000	1000	1000	1000	1000	1000	1000	1000	1000	1000	1000	1000	1000	1000	1000	1000	1000	1000	1000	1000	1000	1000	1000	1000	1000	1000	1000	1000	1000	1000	1000	1000	1000	1000	1000	1000	1000	1000	1000	1000	1000	1000	1000	1000	1000	1000	1000	1000	1000	1000	1000	1000	1000	1000	1000	1000	1000	1000	1000	1000	1000	1000
CARBOHYDRATES METABOLISM	GLYCOLYSIS-GLUCONEOGENESIS	Ethanol to acetaldehyde	1000	1000	1000	1000	1000	1000	1000	1000	1000	1000	1000	1000	1000	1000	1000	1000	1000	1000	1000	1000	1000	1000	1000	1000	1000	1000	1000	1000	1000	1000	1000	1000	1000	1000	1000	1000	1000	1000	1000	1000	1000	1000	1000	1000	1000	1000	1000	1000	1000	1000	1000	1000	1000	1000	1000	1000	1000	1000	1000	1000	1000	1000
CARBOHYDRATES METABOLISM	PYRUVATE METABOLISM	Glucose to lactate conversion	1000	1000	1000	1000	1000	1000	1000	1000	1000	1000	1000	1000	1000	1000	1000	1000	1000	1000	1000	1000	1000	1000	1000	1000	1000	1000	1000	1000	1000	1000	1000	1000	1000	1000	1000	1000	1000	1000	1000	1000	1000	1000	1000	1000	1000	1000	1000	1000	1000	1000	1000	1000	1000	1000	1000	1000	1000	1000	1000	1000	1000	1000
CARBOHYDRATES METABOLISM	PYRUVATE METABOLISM	Malate to pyruvate conversion	1000	1000	1000	1000	1000	1000	1000	1000	1000	1000	1000	1000	1000	1000	1000	1000	1000	1000	1000	1000	1000	1000	1000	1000	1000	1000	1000	1000	1000	1000	1000	1000	1000	1000	1000	1000	1000	1000	1000	1000	1000	1000	1000	1000	1000	1000	1000	1000	1000	1000	1000	1000	1000	1000	1000	1000	1000	1000	1000	1000	1000	1000
CARBOHYDRATES METABOLISM	PENTOSE PHOSPHATE PATHWAY	Synthesis of fructose-6-phosphate from erythrose-4-phosphate (HMP shunt)	1000	1000	1000	1000	1000	1000	1000	1000	1000	1000	1000	1000	1000	1000	1000	1000	1000	1000	1000	1000	1000	1000	1000	1000	1000	1000	1000	1000	1000	1000	1000	1000	1000	1000	1000	1000	1000	1000	1000	1000	1000	1000	1000	1000	1000	1000	1000	1000	1000	1000	1000	1000	1000	1000	1000	1000	1000	1000	1000	1000	1000	1000
CARBOHYDRATES METABOLISM	PENTOSE PHOSPHATE PATHWAY	Synthesis of ribose-5-phosphate	1000	1000	1000	1000	1000	1000	1000	1000	1000	1000	1000	1000	1000	1000	1000	1000	1000	1000	1000	1000	1000	1000	1000	1000	1000	1000	1000	1000	1000	1000	1000	1000	1000	1000	1000	1000	1000	1000	1000	1000	1000	1000	1000	1000	1000	1000	1000	1000	1000	1000	1000	1000	1000	1000	1000	1000	1000	1000	1000	1000	1000	1000
CARBOHYDRATES METABOLISM	GALACTOSE METABOLISM	Synthesis of lactose	0	0	0	0	0	0	0	0	0	0	0	0	0	0	0	0	0	0	0	0	0	0	0	0	0	0	0	0	0	0	0	0	0	0	0	0	0	0	0	0	0	0	0	0	0	0	0	0	0	0	0	0	0	0	0	0	0	0	0	0	0	0
CARBOHYDRATES METABOLISM	GLYCOGEN METABOLISM	Glycogen biosynthesis	182	182	182	182	182	182	182	182	182	182	182	182	182	182	182	0.0000000121599085172282	182	182	182	182	182	182	182	182	182	182	182	0.000000305571211803992	182	182	182	182	182	182	182	182	0.0000000258158805429185	182	182	0	182	182	182	0.000000313318654155206	182	182	182	182	0	182	0.000000025963126801994	182	182	182	182	182	0.00000602204285596949	182	182	182	182	273
CARBOHYDRATES METABOLISM	GLYCOGEN METABOLISM	Glycogen degradation	1000	1000	1000	1000	1000	1000	1000	1000	1000	1000	1000	1000	1000	1000	1000	1000	1000	1000	1000	1000	1000	1000	1000	1000	1000	1000	1000	1000	1000	1000	1000	1000	1000	1000	1000	1000	1000	1000	1000	1000	1000	1000	1000	1000	1000	1000	1000	1000	1000	1000	1000	1000	1000	1000	1000	1000	1000	1000	1000	1000	1000	1000
CARBOHYDRATES METABOLISM	FRUCTOSE METABOLISM	Fructose degradation (to glucose-3-phosphate)	1000	1000	1000	1000	1000	1000	1000	1000	1000	1000	1000	1000	1000	1000	1000	1000	1000	1000	1000	1000	1000	1000	1000	1000	1000	1000	1000	1000	1000	1000	1000	1000	1000	1000	1000	1000	1000	1000	1000	1000	1000	1000	1000	1000	1000	1000	1000	1000	1000	1000	1000	1000	1000	1000	1000	1000	1000	1000	1000	1000	1000	1000
CARBOHYDRATES METABOLISM	FRUCTOSE METABOLISM	Fructose to glucose conversion (via fructose-6-phosphate)	1000	1000	1000	1000	1000	1000	1000	1000	1000	1000	1000	1000	1000	1000	1000	1000	1000	1000	1000	1000	1000	1000	1000	1000	1000	1000	1000	1000	1000	1000	1000	1000	1000	1000	1000	1000	1000	1000	1000	1000	1000	1000	1000	1000	1000	1000	1000	1000	1000	1000	1000	1000	1000	1000	1000	1000	1000	1000	1000	1000	1000	1000
CARBOHYDRATES METABOLISM	NUCLEOTIDE SUGAR	UDP-glucose synthesis	1000	1000	1000	1000	1000	1000	1000	1000	1000	1000	1000	1000	1000	1000	1000	1000	1000	1000	1000	1000	1000	1000	1000	1000	1000	1000	1000	1000	1000	1000	1000	1000	1000	1000	1000	1000	1000	1000	1000	1000	1000	1000	1000	1000	1000	1000	1000	1000	1000	1000	1000	1000	1000	1000	1000	1000	1000	1000	1000	1000	1000	1000
CARBOHYDRATES METABOLISM	NUCLEOTIDE SUGAR	UDP-galactose synthesis	1000	1000	1000	1000	1000	0	1000	1000	1000	1000	1000	1000	1000	1000	1000	1000	1000	1000	1000	0	0	1000	1000	1000	1000	1000	1000	1000	1000	1000	1000	1000	1000	1000	0	1000	1000	0	0	1000	1000	1000	1000	0	1000	1000	1000	1000	1000	1000	1000	1000	1000	1000	1000	1000	1000	0	1000	1000	1000	1000
CARBOHYDRATES METABOLISM	NUCLEOTIDE SUGAR	UDP-glucuronate synthesis	1000	1000	1000	1000	1000	1000	1000	1000	1000	1000	1000	1000	1000	1000	1000	1000	1000	1000	1000	1000	1000	1000	1000	1000	1000	1000	1000	1000	1000	1000	1000	1000	1000	1000	1000	1000	1000	1000	1000	1000	1000	1000	1000	1000	1000	1000	1000	1000	1000	1000	1000	1000	1000	1000	1000	1000	1000	1000	1000	1000	1000	1000
CARBOHYDRATES METABOLISM	FUCOSE METABOLISM	GDP-L-fucose synthesis	0	0	0	0	0	0	0	0	0	0	0	0	0	0	0	0	0	0	0	0	0	0	0	0	0	0	0	0	0	0	0	0	0	0	0	0	0	0	0	0	0	1000	1000	0	0	0	0	0	1000	0	0	0	0	0	0	0	0	0	0	1000	1000	1000
CARBOHYDRATES METABOLISM	MANNOSE METABOLISM	Mannose degradation (to fructose-6-phosphate)	1000	1000	1000	1000	1000	1000	1000	1000	1000	1000	1000	1000	1000	1000	1000	1000	1000	1000	1000	1000	1000	1000	1000	1000	1000	1000	1000	1000	1000	1000	1000	1000	1000	1000	1000	1000	1000	1000	1000	1000	1000	1000	1000	1000	1000	1000	1000	1000	1000	1000	1000	1000	1000	1000	1000	1000	1000	1000	1000	1000	1000	1000
CARBOHYDRATES METABOLISM	MANNOSE METABOLISM	GDP-mannose synthesis	1000	1000	1000	1000	1000	1000	1000	1000	1000	1000	1000	1000	1000	1000	1000	1000	1000	1000	1000	1000	1000	1000	1000	1000	1000	1000	1000	1000	1000	1000	1000	1000	1000	1000	1000	1000	1000	1000	1000	1000	1000	1000	1000	1000	1000	1000	1000	1000	1000	1000	1000	1000	1000	1000	1000	1000	1000	1000	1000	1000	1000	1000
CARBOHYDRATES METABOLISM	AMINO SUGARS METABOLISM	UDP-N-acetyl D-galactosamine synthesis	1000	1000	1000	1000	0	0	1000	1000	1000	1000	1000	1000	1000	1000	1000	500	1000	1000	1000	1000	1000	1000	1000	500	1000	1000	1000	1000	750	1000	1000	1000	1000	1000	0	1000	1000	0	0	1000	1000	500	1000	0	1000	1000	1000	1000	1000	1000	1000	1000	1000	1000	1000	1000	1000	1000	1000	1000	1000	1000
CARBOHYDRATES METABOLISM	AMINO SUGARS METABOLISM	CMP-N-acetylneuraminate synthesis	0	1000	1000	1000	0	1000	1000	1000	1000	1000	1000	1000	1000	0	1000	1000	1000	1000	1000	1000	0	1000	0	1000	1000	1000	1000	1000	1000	1000	1000	1000	1000	1000	0	1000	1000	0	1000	1000	1000	1000	0	1000	1000	0	1000	0	1000	1000	0	1000	1000	1000	0	0	0	0	1000	0	1000	0
CARBOHYDRATES METABOLISM	AMINO SUGARS METABOLISM	N-Acetylglucosamine synthesis	1000	1000	1000	1000	1000	1000	1000	1000	0	1000	1000	0	0	1000	1000	0	0	1000	0	0	0	0	0	0	500	1000	0	1000	0	0	1000	1000	1000	0	1000	1000	1000	0	1000	1000	0	0	0	0	1000	0	1000	1000	500	0	0	1000	0	0	0	1000	0	0	0	0	0	1000
CARBOHYDRATES METABOLISM	PENTOSE AND GLUCURONATE INTERCONVERSION	Glucuronate synthesis (via inositol)	1000	1000	1000	1000	1000	1000	1000	1000	1000	1000	1000	1000	1000	1000	1000	1000	1000	1000	1000	1000	1000	1000	1000	1000	1000	1000	1000	1000	1000	1000	1000	1000	1000	1000	1000	1000	1000	1000	1000	1000	1000	1000	1000	1000	1000	1000	1000	1000	1000	1000	1000	1000	1000	1000	1000	1000	1000	1000	1000	1000	1000	1000
CARBOHYDRATES METABOLISM	PENTOSE AND GLUCURONATE INTERCONVERSION	Glucuronate synthesis (via udp-glucose)	1000	1000	1000	1000	1000	1000	1000	1000	1000	1000	1000	1000	1000	1000	1000	1000	1000	1000	1000	1000	1000	1000	1000	1000	1000	1000	1000	1000	1000	1000	1000	1000	1000	1000	1000	1000	1000	1000	1000	1000	1000	1000	1000	1000	1000	1000	1000	1000	1000	1000	1000	1000	1000	1000	1000	1000	1000	1000	1000	1000	1000	1000
CARBOHYDRATES METABOLISM	KETOGENESIS	Synthesis of acetone	0	0	0	0	0	0	0	0	1000	0	0	1000	0	0	0	0	0	1000	1000	0	0	0	0	0	0	0	0	0	1000	0	0	0	0	0	1000	0	0	0	0	0	0	0	0	0	0	0	0	0	1000	0	0	0	0	0	0	0	0	0	0	0	0	0
CARBOHYDRATES METABOLISM	KETOGENESIS	(R)-3-Hydroxybutanoate synthesis	0	0	0	0	0	0	0.000069463359458142	0	0	0	0	0	0	0	0	0	0	0	0	0	0	1000	0	0	0	0	0	1000	0	0	1000	0	0	0	1000	0	0	0	0	0	0	0	0	0.127395215169169	1000	0	0	0	0	0	0	0	0	0	0	0	0	0	0	0	6.68E-26	1000
CARBOHYDRATES METABOLISM	PHOSPHATE INOSITOL METABOLISM	Synthesis of inositol	1000	1000	1000	1000	1000	1000	1000	1000	1000	1000	1000	2	1000	1000	0	1000	1000	1000	0.000000320402139222677	0	1000	1000	1000	1000	0	1000	750	1000	1000	1000	1000	1000	1000	1000	750	1000	1000	1000	1000	1000	1000	1000	1000	1000	1000	1000	1000	1000	1000	0.779441427465477	1000	1000	1000	1000	1000	1000	1000	1000	1000	1000	1000	1000
CARBOHYDRATES METABOLISM	PHOSPHATE INOSITOL METABOLISM	Inositol as input for glucuronate-xylulose pathway	0	0	0	0	0	0	0	1000	0	0	0	0	0	0	0	0	0	0	0	0	0	0	0	0	0	0	0	1000	0	0	0	0	0	0	0	0	0	0	0	0	0	1000	0	0	0	0	0	0	0	0	0	0	0	0	0	1000	0	0	0	0	0	1000
CARBOHYDRATES METABOLISM	PHOSPHATE INOSITOL METABOLISM	Synthesis of phosphatidylinositol from inositol	1000	1000	1000	1000	1000	1000	1000	1000	1000	1000	1000	1000	1000	1000	1000	1000	1000	1000	1000	1000	1000	1000	1000	1000	1000	1000	1000	1000	1000	1000	1000	1000	1000	1000	1000	1000	1000	1000	1000	1000	1000	1000	1000	1000	1000	1000	1000	1000	1000	1000	1000	1000	1000	1000	1000	1000	1000	1000	1000	1000	1000	1000
CARBOHYDRATES METABOLISM	PHOSPHATE INOSITOL METABOLISM	Conversion of phosphatidyl-1D-myo-inositol to 1D-myo-inositol 1-phosphate	0	0	0	0	0	0	0	0	0	0	0	0	0	0	0	0	0	0	0	0	0	0	0	0	0	0	0	0	0	0	0	0	0	0	0	0	0	0	0	0	0	0	0	0	0	0	0	0	0	0	0	0	0	0	0	0	0	0	0	0	0	0
CARBOHYDRATES METABOLISM	STARCH DEGRADATION	Starch degradation	0	0	0	0	0	0	0	0	0	0	0	0	0	0	0	0	0	0	0	0	0	0	0	0	0	0	0	0	0	0	0	0	0	0	0	0	0	0	0	0	0	0	0	0	0	0	0	0	0	0	0	0	0	0	0	0	0	0	0	0	0	0
CARBOHYDRATES METABOLISM	GLYOXYLATE METABOLISM	Link between glyoxylate metabolism and pentose phosphate pathway (Xylulose to glycolate)	0	1000	1000	1000	0	0	0	0	0	0	0	0	0	0	0.000530271945001594	0	0	0	0	0	0	0	0	0	1000	0	0	0	0	0	0	0	1000	0	0	0	0	0	0	0	0	1000	1000	1000	0	0	0	0	0.00000000299128740125948	0	0	0	1000	0.000000293580742696207	0	0	0	0	0	0	0	1000
CARBOHYDRATES METABOLISM	METHYLGLYOXAL METABOLISM	Synthesis of methylglyoxal	1000	1000	1000	1000	1000	1000	1000	1000	1000	1000	1000	1000	1000	1000	1000	1000	1000	1000	1000	1000	1000	1000	1000	1000	1000	1000	1000	1000	1000	1000	1000	0	1000	1000	1000	1000	1000	0	1000	1000	1000	1000	1000	1000	1000	1000	1000	1000	1000	1000	1000	1000	1000	1000	1000	1000	1000	1000	1000	1000	1000	1000
AMINO ACIDS METABOLISM	ALANINE METABOLISM	Alanine synthesis	1000	1000	1000	1000	1000	1000	1000	1000	1000	1000	1000	1000	1000	1000	1000	1000	1000	1000	1000	1000	1000	1000	1000	1000	1000	1000	1000	1000	1000	1000	1000	1000	1000	1000	1000	1000	1000	1000	1000	1000	1000	1000	1000	1000	1000	1000	1000	1000	1000	1000	1000	1000	1000	1000	1000	1000	1000	1000	1000	1000	1000	1000
AMINO ACIDS METABOLISM	ALANINE METABOLISM	Alanine degradation	1000	1000	1000	1000	1000	1000	1000	1000	1000	1000	1000	1000	1000	1000	1000	1000	1000	1000	1000	1000	1000	1000	1000	1000	1000	1000	1000	1000	1000	1000	1000	1000	1000	1000	1000	1000	1000	1000	1000	1000	1000	1000	1000	1000	1000	1000	1000	1000	1000	1000	1000	1000	1000	1000	1000	1000	1000	1000	1000	1000	1000	1000
AMINO ACIDS METABOLISM	ALANINE METABOLISM	Synthesis of alanine from glutamine	1000	1000	1000	1000	1000	1000	1000	1000	1000	1000	1000	1000	1000	1000	1000	1000	1000	1000	1000	1000	1000	1000	1000	1000	1000	1000	1000	1000	1000	1000	1000	1000	1000	1000	1000	1000	1000	1000	1000	1000	1000	1000	1000	1000	1000	1000	1000	1000	1000	1000	1000	1000	1000	1000	1000	1000	1000	1000	1000	1000	1000	1000
AMINO ACIDS METABOLISM	ARGININE METABOLISM	Arginine synthesis	1000	1000	1000	1000	1000	1000	1000	1000	1000	1000	1000	1000	1000	1000	1000	1000	1000	1000	1000	1000	1000	1000	1000	1000	1000	1000	1000	1000	1000	1000	1000	1000	1000	1000	1000	1000	1000	1000	1000	1000	1000	1000	1000	1000	1000	1000	1000	1000	1000	1000	1000	1000	1000	1000	1000	1000	1000	1000	1000	1000	1000	1000
AMINO ACIDS METABOLISM	ARGININE METABOLISM	Arginine degradation	1000	1000	1000	1000	1000	1000	1000	1000	1000	1000	1000	1000	1000	1000	1000	1000	1000	1000	1000	1000	1000	1000	1000	1000	1000	1000	1000	1000	1000	1000	1000	1000	1000	1000	1000	1000	1000	1000	1000	1000	1000	1000	1000	1000	1000	1000	1000	1000	1000	1000	1000	1000	1000	1000	1000	1000	1000	1000	1000	1000	1000	1000
AMINO ACIDS METABOLISM	ARGININE METABOLISM	Synthesis of arginine from glutamine	1000	1000	1000	1000	1000	1000	1000	1000	1000	1000	1000	1000	1000	1000	1000	1000	1000	1000	1000	1000	1000	1000	1000	1000	1000	1000	1000	1000	1000	1000	1000	1000	1000	1000	1000	1000	1000	1000	1000	1000	1000	1000	1000	1000	1000	1000	1000	1000	1000	1000	1000	1000	1000	1000	1000	1000	1000	1000	1000	1000	1000	1000
AMINO ACIDS METABOLISM	ARGININE METABOLISM	Synthesis of nitric oxide from arginine	0	0	0	0	0	0	0	0	0	0	0	0	1000	0	0	0	0	0	0	0	0	0	0	0	0	0	0	0	0	0	0	0	0	0	0	0	0	0	0	0	0	0	1000	0	0	0	0	0	0	0	0	0	0	0	0	0	0	0	0	0	0	1000
AMINO ACIDS METABOLISM	ASPARTATE METABOLISM	Synthesis of aspartate from glutamine	1000	1000	1000	1000	1000	1000	1000	1000	1000	1000	1000	1000	1000	1000	1000	1000	1000	1000	1000	1000	1000	1000	1000	1000	1000	1000	1000	1000	1000	1000	1000	1000	1000	1000	1000	1000	1000	1000	1000	1000	1000	1000	1000	1000	1000	1000	1000	1000	1000	1000	1000	1000	1000	1000	1000	1000	1000	1000	1000	1000	1000	1000
AMINO ACIDS METABOLISM	ARGININE METABOLISM	Synthesis of creatine from arginine	1000	1000	0.000000930243798637614	1000	1000	1000	1000	1000	1000	1000	1000	1000	1000	1000	0	1000	0	1000	0	0	1000	0	1000	0	0	0	0	1000	1000	1000	1000	1000	1000	1000	1000	1000	0	0	1000	1000	1000	1000	1000	1000	1000	1000	1000	1000	1000	1000	1000	1000	0	1000	0	1000	0	0	0	1000	1000	0.000000000000208
AMINO ACIDS METABOLISM	ASPARAGINE METABOLISM	Asparagine synthesis	1000	1000	1000	1000	1000	1000	1000	1000	1000	1000	1000	1000	1000	1000	1000	1000	1000	1000	1000	1000	1000	1000	1000	1000	1000	1000	1000	1000	1000	1000	1000	1000	1000	1000	1000	1000	1000	1000	1000	1000	1000	1000	1000	1000	1000	1000	1000	1000	1000	1000	1000	1000	1000	1000	1000	1000	1000	1000	1000	1000	1000	1000
AMINO ACIDS METABOLISM	ASPARAGINE METABOLISM	Asparagine degradation	1000	1000	1000	1000	1000	1000	1000	1000	1000	1000	1000	1000	1000	1000	1000	1000	1000	1000	1000	1000	1000	1000	1000	1000	1000	1000	1000	1000	1000	1000	1000	1000	1000	1000	1000	1000	1000	1000	1000	1000	1000	1000	1000	1000	1000	1000	1000	1000	1000	1000	1000	1000	1000	1000	1000	1000	1000	1000	1000	1000	1000	1000
AMINO ACIDS METABOLISM	ASPARTATE METABOLISM	Aspartate synthesis	1000	0	1000	1000	1000	1000	0.000000501973925075262	1000	1000	1000	0.00000289195191616994	1000	0	1000	1000	1000	1000	1000	0.000978450392865622	1000	0.000000099035254127394	1000	0.000000604708454163168	1000	1000	1000	0	1000	0.000000454062854413479	1000	1000	1000	1000	0.000000165926183498514	0.000000079782595312986	0	0.000000687690067867746	0.00000000118379548983268	0	0	1000	1000	1000	1000	1000	1000	1000	0.000000000175931415297716	1000	1000	0.00000000143885945214796	1000	1000	0	0.000000141906685503157	0.00000016075722062188	0.0000158713953358627	0	0.000000951719204294304	1000	1000	1000
AMINO ACIDS METABOLISM	ASPARTATE METABOLISM	Aspartate degradation	1000	1000	1000	1000	1000	1000	1000	1000	1000	1000	1000	1000	1000	1000	1000	1000	1000	1000	1000	1000	1000	1000	1000	1000	1000	1000	1000	1000	1000	1000	1000	1000	1000	1000	1000	1000	1000	1000	1000	1000	1000	1000	1000	1000	1000	1000	1000	1000	1000	1000	1000	1000	1000	1000	1000	1000	1000	1000	1000	1000	1000	1000
AMINO ACIDS METABOLISM	ASPARTATE METABOLISM	Conversion of aspartate to arginine	1000	1000	1000	1000	1000	1000	1000	1000	1000	1000	1000	1000	1000	1000	1000	1000	1000	1000	1000	1000	1000	1000	1000	1000	1000	1000	1000	1000	1000	1000	1000	1000	1000	1000	1000	1000	1000	1000	1000	1000	1000	1000	1000	1000	1000	1000	1000	1000	1000	1000	1000	1000	1000	1000	1000	1000	1000	1000	1000	1000	1000	1000
AMINO ACIDS METABOLISM	ASPARTATE METABOLISM	Conversion of aspartate to beta-alanine	0	0	0	1000	0	0	0	0	0	0.0430723310023227	0	0	0	0	0	0	0	1000	0	0	0	1000	0	0	0	0	0	1000	0	0	0	1000	0	0	0	0	0	0	0	0	0	0	0	0	0	0	0	0	0	0	0	1000	1000	0	0	1000	0	0	0	1000	1000	1000
AMINO ACIDS METABOLISM	ASPARTATE METABOLISM	Conversion of asparate to asparagine	1000	1000	1000	1000	1000	1000	1000	1000	1000	1000	1000	1000	1000	1000	1000	1000	1000	1000	1000	1000	1000	1000	1000	1000	1000	1000	1000	1000	1000	1000	1000	1000	1000	1000	1000	1000	1000	1000	1000	1000	1000	1000	1000	1000	1000	1000	1000	1000	1000	1000	1000	1000	1000	1000	1000	1000	1000	1000	1000	1000	1000	1000
AMINO ACIDS METABOLISM	BETA-ALANINE METABOLISM	beta-Alanine synthesis	0	0	0	1000	0	0	0	0	0	0	0	0	0	0	0	0	0	1000	0	0	0	1000	0	0	0	0	0	1000	0	0	0	1000	0	0	0	0	0	0	0	0	0	0	0	0	0	0	0	0	0	0	0	1000	1000	0	0	1000	0	0	0	1000	1000	1000
AMINO ACIDS METABOLISM	BETA-ALANINE METABOLISM	beta-Alanine degradation	1000	1000	1000	1000	1000	1000	1000	1000	1000	1000	1000	1000	1000	1000	1000	1000	1000	1000	1000	1000	1000	1000	1000	1000	1000	1000	1000	1000	1000	1000	1000	1000	1000	1000	1000	1000	1000	1000	1000	1000	1000	1000	1000	1000	1000	1000	1000	1000	1000	1000	1000	1000	1000	1000	1000	1000	1000	1000	1000	1000	1000	1000
AMINO ACIDS METABOLISM	BETA-ALANINE METABOLISM	Beta-alanine to 3-oxopropanoate	1000	0	0	0	1000	0	0	0	0	0	0	1000	0	0	0	0	1000	0	0	0	0	0	0	0	0	0	0	0	0	0	1000	0	0	0	0	0	0	0.0000232844330659577	0	0	0	0	1000	1000	0	0	1000	0	0	0	0	1000	0	0	0	0	0	0.0436543491605402	1000	1000	1000	0
AMINO ACIDS METABOLISM	CYSTEINE METABOLISM	Cysteine synthesis (need serine and methionine)	1000	1000	1000	1000	1000	1000	1000	1000	1000	1000	1000	1000	1000	1000	1000	1000	1000	1000	1000	1000	1000	1000	1000	1000	1000	1000	1000	1000	1000	1000	1000	1000	1000	1000	1000	1000	1000	1000	1000	1000	1000	1000	1000	1000	1000	1000	1000	1000	1000	1000	1000	1000	1000	1000	1000	1000	1000	1000	1000	1000	1000	1000
AMINO ACIDS METABOLISM	CYSTEINE METABOLISM	Cysteine degradation	1000	1000	1000	1000	1000	1000	1000	1000	1000	1000	1000	1000	1000	1000	1000	1000	1000	1000	1000	1000	1000	1000	1000	1000	1000	1000	1000	1000	1000	1000	1000	1000	1000	1000	1000	1000	1000	1000	1000	1000	1000	1000	1000	1000	1000	1000	1000	1000	1000	1000	1000	1000	1000	1000	1000	1000	1000	1000	1000	1000	1000	1000
AMINO ACIDS METABOLISM	CYSTEINE METABOLISM	Synthesis of cysteine from cystine	1000	1000	1000	1000	1000	1000	1000	1000	1000	1000	1000	1000	1000	1000	1000	1000	1000	1000	1000	1000	1000	1000	1000	1000	1000	1000	1000	1000	1000	1000	1000	1000	1000	1000	1000	1000	1000	1000	1000	1000	1000	1000	1000	1000	1000	1000	1000	1000	1000	1000	1000	1000	1000	1000	1000	1000	1000	1000	1000	1000	1000	1000
AMINO ACIDS METABOLISM	CYSTEINE METABOLISM	Synthesis of taurine from cysteine	1000	0	0	0	1000	0	0	0	0	0	0	1000	0	0	0	0	0	0	0	0	0	0	0	0	0	0	0	0	0	0	0.020673374177956	1000	0	0	0	0	0	0	0	0	0	0	0	0	0	0	0	0	0	1000	0	0	1000	0	0	0	0	0	0	1000	1000	0
AMINO ACIDS METABOLISM	GLUTAMATE METABOLISM	Glutamate synthesis	1000	1000	1000	1000	1000	1000	1000	1000	1000	1000	1000	1000	1000	1000	1000	1000	1000	1000	1000	1000	1000	1000	1000	1000	1000	1000	1000	1000	1000	1000	1000	1000	1000	1000	1000	1000	1000	1000	1000	1000	1000	1000	1000	1000	1000	1000	1000	1000	1000	1000	1000	1000	1000	1000	1000	1000	1000	1000	1000	1000	1000	1000
AMINO ACIDS METABOLISM	GLUTAMATE METABOLISM	Glutamate degradation	1000	1000	1000	1000	1000	1000	1000	1000	1000	1000	1000	1000	1000	1000	1000	1000	1000	1000	1000	1000	1000	1000	1000	1000	1000	1000	1000	1000	1000	1000	1000	1000	1000	1000	1000	1000	1000	1000	1000	1000	1000	1000	1000	1000	1000	1000	1000	1000	1000	1000	1000	1000	1000	1000	1000	1000	1000	1000	1000	1000	1000	1000
AMINO ACIDS METABOLISM	GLUTAMATE METABOLISM	Conversion of glutamate to glutamine	1000	1000	1000	1000	1000	1000	1000	1000	1000	1000	1000	1000	1000	1000	1000	1000	1000	1000	1000	1000	1000	1000	1000	1000	1000	1000	1000	1000	1000	1000	1000	1000	1000	1000	1000	1000	1000	1000	1000	1000	1000	1000	1000	1000	1000	1000	1000	1000	1000	1000	1000	1000	1000	1000	1000	1000	1000	1000	1000	1000	1000	1000
AMINO ACIDS METABOLISM	GLUTAMATE METABOLISM	Conversion of glutamate to proline	1000	0	1000	1000	1000	0	0	0	1000	1000	0	1000	0	1000	0	1000	1000	1000	0	0	0	1000	0	0	0	1000	0	1000	1000	0	1000	0	0	0	1000	1000	0	0	0	0	0	1000	1000	1000	1000	1000	1000	0	1000	0	0	1000	0	0	0	0	1000	0	0	1000	1000	1000
AMINO ACIDS METABOLISM	GLUTAMATE METABOLISM	Conversion of GABA into succinate	1000	1000	1000	1000	1000	1000	1000	1000	1000	1000	1000	1000	1000	1000	1000	1000	1000	1000	1000	1000	1000	1000	1000	1000	1000	1000	1000	1000	1000	1000	1000	1000	1000	1000	1000	1000	1000	1000	1000	1000	1000	1000	1000	1000	1000	1000	1000	1000	1000	1000	1000	1000	1000	1000	1000	1000	1000	1000	1000	1000	1000	1000
AMINO ACIDS METABOLISM	GLUTAMINE METABOLISM	Glutamine synthesis	1000	1000	1000	1000	1000	1000	1000	1000	1000	1000	1000	1000	1000	1000	1000	1000	1000	1000	1000	1000	1000	1000	1000	1000	1000	1000	1000	1000	1000	1000	1000	1000	1000	1000	1000	1000	1000	1000	1000	1000	1000	1000	1000	1000	1000	1000	1000	1000	1000	1000	1000	1000	1000	1000	1000	1000	1000	1000	1000	1000	1000	1000
AMINO ACIDS METABOLISM	GLUTAMINE METABOLISM	Glutamine degradation	1000	1000	1000	1000	1000	1000	1000	1000	1000	1000	1000	1000	1000	1000	1000	1000	1000	1000	1000	1000	1000	1000	1000	1000	1000	1000	1000	1000	1000	1000	1000	1000	1000	1000	1000	1000	1000	1000	1000	1000	1000	1000	1000	1000	1000	1000	1000	1000	1000	1000	1000	1000	1000	1000	1000	1000	1000	1000	1000	1000	1000	1000
AMINO ACIDS METABOLISM	GLUTAMINE METABOLISM	Glutaminolysis (glutamine to lactate)	1000	1000	1000	1000	1000	1000	1000	1000	1000	1000	1000	1000	1000	1000	1000	1000	1000	1000	1000	1000	1000	1000	1000	1000	1000	1000	1000	1000	1000	1000	1000	1000	1000	1000	1000	1000	1000	1000	1000	1000	1000	1000	1000	1000	1000	1000	1000	1000	1000	1000	1000	1000	1000	1000	1000	1000	1000	1000	1000	1000	1000	1000
AMINO ACIDS METABOLISM	GLUTATHIONE METABOLISM	Glutathionate synthesis	1000	1000	1000	1000	1000	1000	1000	1000	1000	1000	1000	1000	1000	1000	1000	1000	1000	1000	1000	1000	1000	1000	1000	1000	1000	1000	1000	1000	1000	1000	1000	1000	1000	1000	1000	1000	1000	1000	1000	1000	1000	1000	1000	1000	1000	1000	1000	1000	1000	1000	1000	1000	1000	1000	1000	1000	1000	1000	1000	1000	1000	1000
AMINO ACIDS METABOLISM	GLYCINE METABOLISM	Glycine synthesis	1000	1000	1000	1000	1000	1000	1000	1000	1000	1000	1000	1000	1000	1000	1000	1000	1000	1000	1000	1000	1000	1000	1000	1000	1000	1000	1000	1000	1000	1000	1000	1000	1000	1000	1000	1000	1000	1000	1000	1000	1000	1000	1000	1000	1000	1000	1000	1000	1000	1000	1000	1000	1000	1000	1000	1000	1000	1000	1000	1000	1000	1000
AMINO ACIDS METABOLISM	GLYCINE METABOLISM	Glycine degradation	1000	1000	1000	1000	1000	1000	1000	1000	1000	1000	1000	1000	1000	1000	1000	1000	1000	1000	1000	1000	1000	1000	1000	1000	1000	1000	1000	1000	1000	1000	1000	1000	1000	1000	1000	1000	1000	1000	1000	1000	1000	1000	1000	1000	1000	1000	1000	1000	1000	1000	1000	1000	1000	1000	1000	1000	1000	1000	1000	1000	1000	1000
AMINO ACIDS METABOLISM	GLYCINE METABOLISM	Conversion of glycine to pyruvate	1000	1000	1000	1000	1000	1000	1000	1000	1000	1000	1000	1000	1000	1000	1000	1000	1000	1000	1000	1000	1000	1000	1000	1000	1000	1000	1000	1000	1000	1000	1000	1000	1000	1000	1000	1000	1000	1000	1000	1000	1000	1000	1000	1000	1000	1000	1000	1000	1000	1000	1000	1000	1000	1000	1000	1000	1000	1000	1000	1000	1000	1000
AMINO ACIDS METABOLISM	HISTIDINE METABOLISM	Histidine degradation	1000	1000	1000	1000	1000	1000	1000	1000	1000	1000	1000	1000	1000	1000	1000	1000	1000	1000	1000	1000	1000	1000	1000	1000	1000	1000	1000	1000	1000	1000	1000	1000	1000	1000	1000	1000	1000	1000	1000	1000	1000	1000	1000	1000	1000	1000	1000	1000	1000	1000	1000	1000	1000	1000	1000	1000	1000	1000	1000	1000	1000	1000
AMINO ACIDS METABOLISM	HISTIDINE METABOLISM	Conversion of histidine to histamine	0	0	0	0	0	0	0	0	0	0	0	1000	1000	0	0	0	1000	0	0	0	0	0	0	1000	0	0	0	0	0	0	0	0	0	0	0	0	0	0	0	0	0	0	0	0	0	0	0	0	0	0	0	0	0	0	0	0	0	0	0	0	1000	1000
AMINO ACIDS METABOLISM	HOMOCYSTEINE METABOLISM	Homocysteine synthesis (need methionine)	1000	1000	1000	1000	1000	1000	1000	1000	1000	1000	1000	1000	1000	1000	1000	1000	1000	1000	1000	1000	1000	1000	1000	1000	1000	1000	1000	1000	1000	1000	1000	1000	1000	1000	1000	1000	1000	1000	1000	1000	567	1000	1000	1000	1000	1000	1000	1000	1000	1000	1000	1000	1000	1000	1000	830	1000	1000	1000	1000	1000	1000
AMINO ACIDS METABOLISM	HOMOCYSTEINE METABOLISM	Homocysteine degradation	1000	1000	1000	1000	1000	1000	1000	1000	1000	1000	1000	1000	1000	1000	1000	1000	1000	1000	1000	1000	1000	1000	1000	1000	1000	1000	1000	1000	1000	1000	1000	1000	1000	1000	1000	1000	1000	1000	1000	1000	1000	1000	1000	1000	1000	1000	1000	1000	1000	1000	1000	1000	1000	1000	1000	1000	1000	1000	1000	1000	1000	1000
AMINO ACIDS METABOLISM	ISOLEUCINE METABOLISM	Isoleucine degradation	1000	1000	1000	1000	1000	1000	1000	1000	1000	1000	1000	1000	1000	1000	1000	1000	1000	1000	1000	1000	1000	1000	1000	1000	1000	1000	1000	1000	1000	1000	1000	1000	1000	1000	1000	1000	1000	1000	1000	1000	1000	1000	1000	1000	1000	1000	1000	1000	1000	1000	1000	1000	1000	1000	1000	1000	1000	1000	1000	1000	1000	1000
AMINO ACIDS METABOLISM	LEUCINE METABOLISM	Leucine degradation	1000	1000	1000	1000	1000	1000	1000	1000	1000	1000	1000	1000	1000	1000	1000	1000	1000	1000	1000	1000	1000	1000	1000	1000	1000	1000	1000	1000	1000	1000	1000	1000	1000	1000	1000	1000	1000	1000	1000	1000	1000	1000	1000	1000	1000	1000	1000	1000	1000	1000	1000	1000	1000	1000	1000	1000	1000	1000	1000	1000	1000	1000
AMINO ACIDS METABOLISM	LEUCINE METABOLISM	Conversion of leucine to acetyl-coA	1000	1000	1000	1000	1000	1000	1000	1000	1000	1000	1000	1000	1000	1000	1000	1000	1000	1000	1000	1000	1000	1000	1000	1000	1000	1000	1000	1000	1000	1000	1000	1000	1000	1000	1000	1000	1000	1000	1000	1000	1000	1000	1000	1000	1000	1000	1000	1000	1000	1000	1000	1000	1000	1000	1000	1000	1000	1000	1000	1000	1000	1000
AMINO ACIDS METABOLISM	LYSINE METABOLISM	Lysine degradation	1000	1000	1000	1000	1000	1000	1000	1000	1000	1000	1000	1000	1000	1000	1000	1000	1000	1000	1000	1000	1000	1000	1000	1000	1000	1000	1000	1000	1000	1000	1000	1000	1000	1000	1000	1000	1000	1000	1000	1000	1000	1000	1000	1000	1000	1000	1000	1000	1000	1000	1000	1000	1000	1000	1000	1000	1000	1000	1000	1000	1000	1000
AMINO ACIDS METABOLISM	LYSINE METABOLISM	Conversion of lysine to L-Saccharopine	0	0	0	0	0	0	0	0	1000	0	0	0	0	0	0	0	0	0	0	0	0	0	0	0	0	0	0	0	0	0	0	0	0	0	0	0	0	0	0	0	0	1000	0	0	0	0	0	0	0	0	0	0	0	0	0	0	0	0	0	0	0	0
AMINO ACIDS METABOLISM	LYSINE METABOLISM	Conversion of lysine to L-2-Aminoadipate	0	0	0	0	0	0	0	0	0	0	0	0	1000	0	0	0	0	0	0	0	0	0	0	0	0	0	0	0	0	0	0	0	0	0	0	0	0	0	0	0	0	0	0	0	0	0	1000	0	0	0	0	0	0	0	0	0	0	0	0	0	0	0
AMINO ACIDS METABOLISM	METHIONINE METABOLISM	Methionine degradation	1000	1000	1000	1000	1000	1000	1000	1000	1000	1000	1000	1000	1000	1000	1000	1000	1000	1000	1000	1000	1000	1000	1000	1000	1000	1000	1000	1000	1000	1000	1000	1000	1000	1000	1000	1000	1000	1000	1000	1000	1000	1000	1000	1000	1000	1000	1000	1000	1000	1000	1000	1000	1000	1000	1000	1000	1000	1000	1000	1000	1000	1000
AMINO ACIDS METABOLISM	METHIONINE METABOLISM	S-adenosyl-L-methionine synthesis	1000	1000	1000	1000	1000	1000	1000	1000	1000	1000	1000	1000	1000	1000	1000	1000	1000	1000	1000	1000	1000	1000	1000	1000	1000	1000	1000	1000	1000	1000	1000	1000	1000	1000	1000	1000	1000	1000	1000	1000	1000	1000	1000	1000	1000	1000	1000	1000	1000	1000	1000	1000	1000	1000	1000	1000	1000	1000	1000	1000	1000	1000
AMINO ACIDS METABOLISM	ORNITHINE METABOLISM	Ornithine degradation	1000	1000	1000	1000	1000	1000	1000	1000	1000	1000	1000	1000	1000	1000	1000	1000	1000	1000	1000	1000	1000	1000	1000	1000	1000	1000	1000	1000	1000	1000	1000	1000	1000	1000	1000	1000	1000	1000	1000	1000	1000	1000	1000	1000	1000	1000	1000	1000	1000	1000	1000	1000	1000	1000	1000	1000	1000	1000	1000	1000	1000	1000
AMINO ACIDS METABOLISM	ORNITHINE METABOLISM	Synthesis of ornithine from glutamine	1000	0.0000000205136769588292	1000	1000	500	1000	0.000000162887049168185	1000	1000	1000	0	1000	1000	1000	1000	1000	1000	1000	1000	0	0.00000387537697943711	1000	1000	1000	1000	500	1000	1000	0.000000247216631986998	1000	1000	500	500	0.000000221342765337042	0	0.000000133265720833918	0.000000382270137561518	0	0	0	1000	1000	1000	500	1000	1000	1000	0.877010266038329	1000	0.16029418490431	0.817437285861272	1000	0.134073217089031	00.0000000931085867261962	0	0	0.000000561014006428444	0.0960469682561471	0.00000502679388416234	1000	1000	1000
AMINO ACIDS METABOLISM	ORNITHINE METABOLISM	Synthesis of spermidine from ornithine	1000	0	0	1000	0	0	1000	0	0	0	0	0	0	0	0.0000000731315200567642	0	0	1000	1000	0.00000830675620536442	0	1000	0.000000148573768296113	0	0	0	1000	1000	0	0	0	1000	0	0	0	0	0	1000	0	0	0	1000	0	0	0	1000	0	1000	0	0	0	1000	1000	0	1000	1000	1000	0	1000	0	1000	0
AMINO ACIDS METABOLISM	SERINE METABOLISM	Serine synthesis	1000	1000	1000	1000	1000	1000	1000	1000	1000	1000	1000	1000	1000	1000	1000	1000	1000	1000	1000	1000	1000	1000	1000	1000	1000	1000	1000	1000	1000	1000	1000	1000	1000	1000	1000	1000	1000	1000	1000	1000	1000	1000	1000	1000	1000	1000	1000	1000	1000	1000	1000	1000	1000	1000	1000	1000	1000	1000	1000	1000	1000	1000
AMINO ACIDS METABOLISM	SERINE METABOLISM	Serine degradation	1000	1000	1000	1000	1000	1000	1000	1000	1000	1000	1000	1000	1000	1000	1000	1000	1000	1000	1000	1000	1000	1000	1000	1000	1000	1000	1000	1000	1000	1000	1000	1000	1000	1000	1000	1000	1000	1000	1000	1000	1000	1000	1000	1000	1000	1000	1000	1000	1000	1000	1000	1000	1000	1000	1000	1000	1000	1000	1000	1000	1000	1000
AMINO ACIDS METABOLISM	PHENYLALANINE METABOLISM	Phenylalanine degradation	1000	1000	1000	1000	1000	1000	1000	1000	1000	1000	1000	1000	1000	1000	1000	1000	1000	1000	1000	1000	1000	1000	1000	1000	1000	1000	1000	1000	1000	1000	1000	1000	1000	1000	1000	1000	1000	1000	1000	1000	1000	1000	1000	1000	1000	1000	1000	1000	1000	1000	1000	1000	1000	1000	1000	1000	1000	1000	1000	1000	1000	1000
AMINO ACIDS METABOLISM	PHENYLALANINE METABOLISM	Phenylalanine to phenylacetaldehyde	0	0	0	0	0	0	0	0	0	0	0	1000	1000	0	0	0	0	0	0	0	0	0	1000	0	0	0	0	0	0	0	0	0	0	0	1000	0	0	0	0	0	0	0	0	0	0	0	0	0	0	0	0	0	0	0	0	0	0	0	0	1000	1000	0
AMINO ACIDS METABOLISM	PHENYLALANINE METABOLISM	Phenylalanine to phenylacetyl-L-glutaminate	0	0	0	0	0	0	0	0	0	0	0	0	0	0	0	0	0	0	0	0	0	0	0	0	0	0	0	0	0	0	0	0	0	0	0	0	0	0	0	0	0	0	0	0	0	0	0	0	0	0	0	0	0	0	0	0	0	0	0	0	0	0
AMINO ACIDS METABOLISM	PHENYLALANINE METABOLISM	Phenylalanine to tyrosine	1000	1000	1000	1000	1000	1000	1000	1000	1000	1000	1000	1000	1000	1000	1000	1000	1000	1000	1000	1000	1000	1000	1000	1000	1000	1000	1000	1000	1000	1000	1000	1000	1000	1000	1000	1000	1000	1000	1000	1000	1000	1000	1000	1000	1000	1000	1000	1000	1000	1000	1000	1000	1000	1000	1000	1000	1000	1000	1000	1000	1000	1000
AMINO ACIDS METABOLISM	PROLINE METABOLISM	Proline synthesis	1000	0	1000	1000	1000	0	0	0	1000	1000	0	1000	0	1000	0	1000	1000	1000	0	0	0	1000	0	0	0	1000	0	1000	1000	0	1000	0	0	0	1000	0.000000134648319800622	0	0	0	0	0	1000	1000	1000	1000	1000	1000	0	1000	0	0	1000	0	0	0	0	0.00000158713953358627	0	0	1000	1000	1000
AMINO ACIDS METABOLISM	PROLINE METABOLISM	Proline degradation	1000	1000	1000	1000	1000	1000	1000	1000	1000	1000	1000	1000	1000	1000	1000	1000	1000	1000	1000	1000	1000	1000	1000	1000	1000	1000	1000	1000	1000	1000	1000	1000	1000	1000	1000	1000	1000	1000	1000	1000	1000	1000	1000	1000	1000	1000	1000	1000	1000	1000	1000	1000	1000	1000	1000	1000	1000	1000	1000	1000	1000	1000
AMINO ACIDS METABOLISM	PROLINE METABOLISM	Synthesis of proline from glutamine	1000	0	1000	1000	1000	0	0	0	1000	1000	0	1000	0	1000	0	1000	1000	1000	0	0	0	1000	0	0	0	1000	0	1000	1000	0	1000	0	0	0	1000	0.000000134648319800622	0	0	0	0	0	1000	1000	1000	1000	1000	1000	0	1000	0	0	1000	0	0	0	0	0.0000000158713953358627	0	0	1000	1000	1000
AMINO ACIDS METABOLISM	THREONINE METABOLISM	Threonine degradation	1000	1000	1000	1000	1000	1000	1000	1000	1000	1000	1000	1000	1000	1000	1000	1000	1000	1000	1000	1000	1000	1000	1000	1000	1000	1000	1000	1000	1000	1000	1000	1000	1000	1000	1000	1000	1000	1000	1000	1000	1000	1000	1000	1000	1000	1000	1000	1000	1000	1000	1000	1000	1000	1000	1000	1000	1000	1000	1000	1000	1000	1000
AMINO ACIDS METABOLISM	TRYPTOPHAN METABOLISM	Tryptophan degradation	1000	1000	1000	1000	1000	1000	1000	1000	1000	1000	1000	1000	1000	1000	1000	1000	1000	1000	1000	1000	1000	1000	1000	1000	1000	1000	1000	1000	1000	1000	1000	1000	1000	1000	1000	1000	1000	1000	1000	1000	1000	1000	1000	1000	1000	1000	1000	1000	1000	1000	1000	1000	1000	1000	1000	1000	1000	1000	1000	1000	1000	1000
AMINO ACIDS METABOLISM	TRYPTOPHAN METABOLISM	Synthesis of anthranilate from tryptophan	0	0	0	0	0	0	0	0	0	0	0	0	0	0	0	0	0	0	0	0	0	0	0	0	0	0	0	0	0	0	0	0	1000	0	0	0	0	0	0	0	0	0	0	0	0	0	0	0	0	0	0	0	1000	0	0	0	0	0	0	-1,64E-14	0	1000
AMINO ACIDS METABOLISM	TRYPTOPHAN METABOLISM	Synthesis of L-kynurenine from tryptophan	0	0	0	0	0	0	0	0	0	0	0	1000	1000	0	0	1000	0	1000	0	0	1000	0	0	0	0	0	0	0	1000	0	0	0	1000	0	0	0	0	0	0	0	0	0	0	0	0	0	0	0	0	1000	0	0	1000	0	0	0	0	0	0	0	0	1000
AMINO ACIDS METABOLISM	TRYPTOPHAN METABOLISM	Synthesis of N-formylanthranilate from tryptophan	0	0	0	1000	0	0	1000	0	0	0	0	0	0	0	0	0	0	0	0	0	0	0	0	0	1000	0	0	0	0	0	0	0	0	0	0	0	0	0	0	0	0	0	0	0	0	0	0	0	0	0	0	0	0	0	0	0	0	0	0	1000	0	1000
AMINO ACIDS METABOLISM	TRYPTOPHAN METABOLISM	Synthesis of quinolinate from tryptophan	0	0	0	0	0	0	0	0	0	0	0	0	0	0	0	0	0	0	0	0	0	0	0	0	0	0	0	0	0	0	0	0	0	0	0	0	0	0	0	0	0	0	0	0	0	0	0	0	0	0	0	0	0	0	0	0	0	0	0	0	0	0
AMINO ACIDS METABOLISM	TRYPTOPHAN METABOLISM	Synthesis of serotonin from tryptophan	0	0	0	0	0	0	0	0	0	0	0	0	0	0	0	0	0	0	0	0	0	0	0	0	0	0	0	0	0	0	0	0	0	0	0	0	0	0	0	0	0	0	0	0	0	0	0	0	0	0	0	0	0	0	0	0	0	0	0	0	0	0
AMINO ACIDS METABOLISM	TYROSINE METABOLISM	Tyrosine synthesis (need phenylalanine)	1000	1000	1000	1000	1000	1000	1000	1000	1000	1000	1000	1000	1000	1000	1000	1000	1000	1000	1000	1000	1000	1000	1000	1000	1000	1000	1000	1000	1000	1000	1000	1000	1000	1000	1000	1000	1000	1000	1000	1000	1000	1000	1000	1000	1000	1000	1000	1000	1000	1000	1000	1000	1000	1000	1000	1000	1000	1000	1000	1000	1000	1000
AMINO ACIDS METABOLISM	TYROSINE METABOLISM	Tyrosine degradation	1000	1000	1000	1000	1000	1000	1000	1000	1000	1000	1000	1000	1000	1000	1000	1000	1000	1000	1000	1000	1000	1000	1000	1000	1000	1000	1000	1000	1000	1000	1000	1000	1000	1000	1000	1000	1000	1000	1000	1000	1000	1000	1000	1000	1000	1000	1000	1000	1000	1000	1000	1000	1000	1000	1000	1000	1000	1000	1000	1000	1000	1000
AMINO ACIDS METABOLISM	TYROSINE METABOLISM	Tyrosine to adrenaline	0	0	0	0	0	0	0	0	0	0	0	0	0	0	0	0	0	0	0	0	0	0	0	0	0	0	0	0	0	0	0	0	0	0	0	0	0	0	0	0	0	0	0	0	0	0	0	0	0	0	0	0	0	0	0	0	0	0	0	0	0	8.07E-25
AMINO ACIDS METABOLISM	TYROSINE METABOLISM	Tyrosine to dopamine	0	0	0	0.0000000188686209131534	0	0	0	1000	1000	0	0	1000	0	0	0	0	1000	0	1000	0	0	0	0	0	0	0	0	0	0	0	1000	1000	0	0	1000	0	0	0	0	0	0	1000	0	0	0	1000	0	1000	0	0	1000	1000	0	0	0	0	0	0	0	0.000000000000144	0	0
AMINO ACIDS METABOLISM	TYROSINE METABOLISM	Tyrosine to acetoacetate and fumarate	1000	1000	1000	1000	1000	1000	1000	1000	1000	1000	1000	1000	1000	1000	1000	1000	1000	1000	1000	1000	1000	1000	1000	1000	1000	1000	1000	1000	1000	1000	1000	1000	1000	1000	1000	1000	1000	1000	1000	1000	1000	1000	1000	1000	1000	1000	1000	1000	1000	1000	1000	1000	1000	1000	1000	1000	1000	1000	1000	1000	1000	1000
AMINO ACIDS METABOLISM	VALINE METABOLISM	Valine degradation	1000	1000	1000	1000	1000	1000	1000	1000	1000	1000	1000	1000	1000	1000	1000	1000	1000	1000	1000	1000	1000	1000	1000	1000	1000	1000	1000	1000	1000	1000	1000	1000	1000	1000	1000	1000	1000	1000	1000	1000	1000	1000	1000	1000	1000	1000	1000	1000	1000	1000	1000	1000	1000	1000	1000	1000	1000	1000	1000	1000	1000	1000
AMINO ACIDS METABOLISM	VALINE METABOLISM	Valine to succinyl-coA	1000	0	1000	1000	1000	0	0	1000	1000	1000	0	0	0	0	0	0	1000	0	0	0	0	1000	0	1000	0	1000	0	1000	1000	1000	1000	0	0	0	1000	0	0	0	0	0	0	1000	1000	1000	1000	0	1000	0	1000	0.0000279027564047846	0	1000	0	0	0	0	0	0	0	1000	1000	1000
LIPIDS METABOLISM	CHOLESTEROL METABOLISM	Hydroxymethylglutaryl-CoA synthesis	0	0	1000	1000	0	0	0	1000	0	1000	0	1000	1000	0	0	1000	0	0	1000	0	0	1000	0	1000	1000	0	0	0	0	0	1000	0	0	0	1000	0	0	1000	0	0	0	0	0	1000	1000	0	0	0	1000	0	0	0	0	0	0	0	1000	0	0	0	0	1000
LIPIDS METABOLISM	CHOLESTEROL METABOLISM	Cholesterol synthesis	1000	1000	1000	1000	1000	1000	1000	1000	1000	1000	1000	1000	1000	1000	1000	1000	1000	1000	1000	1000	1000	1000	1000	333	333	1000	1000	1000	1000	1000	1000	1000	1000	1000	1000	1000	1000	1000	1000	1000	1000	1000	1000	1000	1000	1000	1000	1000	1000	1000	1000	1000	1000	1000	1000	1000	1000	1000	1000	1000	1000	1000
LIPIDS METABOLISM	CHOLESTEROL METABOLISM	Acetoacetate synthesis	0	0	1000	1000	0	1000	0	1000	1000	1000	0	1000	1000	0	0.500063077385642	1000	0	1000	1000	0	0.0000000269705833883471	1000	0.000352057284467265	1000	1000	0	1000	1000	1000	0	1000	0	0	1000	1000	0.000177821148644025	0	1000	0	0.00000000242032355829045	0	0	0	1000	1000	1000	0	-0.191334552681545	1000	0	0	0	0	0	0	0	1000	0	0	0	0	1000
LIPIDS METABOLISM	CHOLESTEROL METABOLISM	Mevalonate synthesis	0	0	1000	1000	0	1000	1000	1000	1000	1000	1000	0	1000	1000	1000	1000	1000	1000	1000	1000	1000	1000	1000	1000	1000	1000	1000	1000	1000	0	1000	1000	1000	0	1000	1000	0	1000	1000	1000	2	1000	1000	1000	1000	1000	1000	1000	1000	2	1000	1000	0	1000	0	1000	1000	1000	1000	1000	1000	0
LIPIDS METABOLISM	CHOLESTEROL METABOLISM	Farnesyl-pyrophosphate synthesis	333	0	0	333	0	0	0	333	0	333	0	0	0	0	0	0	333	0	0	0	0	333	0	0	0	0	0	333	0	0	333	0	0	0	0	0	0	0	0	0	0	333	333	0	333	0	0	0	333	0	0	0	0	0	0	0	0	0	0	0	333	333
LIPIDS METABOLISM	GLYCEROPHOSPHOLIPID METABOLISM	Glycerol-3-phosphate synthesis	1000	1000	1000	1000	1000	1000	1000	1000	1000	1000	1000	1000	1000	1000	1000	1000	1000	1000	1000	1000	1000	1000	1000	1000	1000	1000	1000	1000	1000	1000	1000	1000	1000	1000	1000	1000	1000	1000	1000	1000	1000	1000	1000	1000	1000	1000	1000	1000	1000	1000	1000	1000	1000	1000	1000	1000	1000	1000	1000	1000	1000	1000
LIPIDS METABOLISM	GLYCEROPHOSPHOLIPID METABOLISM	Phosphatidyl-choline synthesis	1000	1000	1000	333	1000	666	666	333	666	666	666	333	666	333	666	666	333	1000	333	666	1000	666	1000	1000	333	1000	333	666	1000	666	666	333	666	333	333	333	666	333	666	666	666	666	1000	1000	1000	1000	666	1000	666	1000	333	333	666	666	666	333	333	333	333	1000	1000	1000
LIPIDS METABOLISM	GLYCEROPHOSPHOLIPID METABOLISM	Phosphatidyl-ethanolamine synthesis	1000	1000	1000	1000	1000	1000	1000	1000	1000	1000	1000	1000	1000	1000	1000	1000	1000	1000	1000	1000	1000	1000	1000	1000	1000	1000	1000	1000	1000	1000	1000	1000	1000	1000	1000	1000	1000	1000	1000	1000	1000	1000	1000	1000	1000	1000	1000	1000	1000	1000	1000	1000	1000	1000	1000	1000	1000	1000	1000	1000	1000	1000
LIPIDS METABOLISM	GLYCEROPHOSPHOLIPID METABOLISM	Phosphatidyl-serine synthesis	1000	1000	1000	1000	1000	1000	1000	1000	1000	1000	1000	1000	1000	1000	1000	1000	1000	1000	1000	1000	1000	1000	1000	1000	1000	1000	333	1000	1000	1000	1000	333	1000	1000	1000	1000	1000	1000	1000	666	1000	1000	1000	1000	1000	1000	1000	1000	666	1000	1000	1000	1000	666	1000	1000	1000	1000	1000	1000	1000	1000
LIPIDS METABOLISM	GLYCEROPHOSPHOLIPID METABOLISM	Phosphatidyl-inositol synthesis	1000	1000	1000	1000	1000	1000	1000	1000	1000	1000	1000	1000	1000	1000	1000	1000	1000	1000	1000	1000	1000	1000	1000	1000	1000	1000	1000	1000	1000	1000	1000	1000	1000	1000	1000	1000	1000	1000	1000	1000	1000	1000	1000	1000	1000	1000	1000	1000	1000	1000	1000	1000	1000	1000	1000	1000	1000	1000	1000	1000	1000	1000
LIPIDS METABOLISM	GLYCEROPHOSPHOLIPID METABOLISM	Cardiolipin synthesis	500	500	500	500	500	500	500	500	500	500	500	500	500	500	500	500	500	500	500	125	500	500	500	500	500	500	500	500	500	500	500	500	500	500	500	500	500	500	500	500	500	500	500	500	500	500	500	500	500	500	500	500	500	500	500	500	500	500	500	500	500	500
LIPIDS METABOLISM	TRIACYLGLYCEROL METABOLISM	Triacylglycerol synthesis	0	0	0	0	0	0	0	0	0	0	0	0	0	0	0	0	0	0	0	0	0	0	0	0	0	0	0	0	0	0	0	0	0	0	0	0	0	0	0	0	0	0	0	0	0	0	0	0	0	0	0	0	0	0	0	0	0	0	0	0	0	0
LIPIDS METABOLISM	SPHINGOLIPID METABOLISM	Sphingomyelin synthesis	1000	1000	1000	333	1000	666	1000	333	666	666	666	1000	666	333	666	666	333	1000	333	333	1000	500	1000	1000	333	1000	333	666	333	333	666	1000	666	333	333	333	666	333	666	666	666	666	1000	1000	1000	1000	666	1000	666	1000	333	333	666	666	666	333	333	333	333	1000	1000	1000
LIPIDS METABOLISM	SPHINGOLIPID METABOLISM	Ceramide synthesis	1000	1000	1000	1000	1000	1000	1000	1000	1000	1000	1000	1000	1000	1000	1000	1000	1000	1000	1000	250	1000	1000	1000	1000	1000	1000	1000	1000	1000	1000	1000	1000	1000	1000	1000	1000	1000	1000	1000	1000	1000	1000	1000	1000	1000	1000	1000	1000	1000	1000	1000	1000	1000	1000	1000	1000	1000	1000	1000	1000	1000	1000
LIPIDS METABOLISM	FATTY ACID METABOLISM	Palmitate synthesis	1000	1000	1000	1000	1000	1000	0.0000008219916996467010	642	1000	1000	1000	1000	246	1000	1000	1000	1000	1000	1000	1000	0.720125998723241	1000	1000	1000	1000	1000	1000	1000	1000	1000	1000	1000	1000	1000	1000	1000	1000	1000	1000	1000	1000	1000	1000	1000	1000	1000	1000	1000	1000	1000	1000	1000	1000	0.0000002506609101109	1000	1000	1000	1000	1000	1000	1000	1000
LIPIDS METABOLISM	FATTY ACID METABOLISM	Palmitate degradation	1000	1000	1000	1000	1000	1000	1000	1000	1000	1000	1000	1000	1000	1000	1000	1000	1000	1000	1000	1000	1000	1000	1000	1000	1000	1000	1000	1000	1000	1000	1000	1000	1000	1000	1000	1000	1000	1000	1000	1000	1000	1000	1000	1000	1000	1000	1000	1000	1000	1000	1000	1000	1000	1000	1000	1000	1000	1000	1000	1000	1000	1000
LIPIDS METABOLISM	FATTY ACID METABOLISM	Palmitolate synthesis	1000	1000	1000	1000	1000	1000	1000	1000	1000	1000	1000	1000	1000	1000	1000	1000	1000	1000	1000	1000	1000	1000	1000	1000	1000	1000	1000	1000	1000	1000	1000	1000	1000	1000	1000	1000	1000	1000	1000	1000	1000	1000	1000	1000	1000	1000	1000	1000	1000	1000	1000	1000	1000	1000	1000	1000	1000	1000	1000	1000	1000	1000
LIPIDS METABOLISM	FATTY ACID METABOLISM	Palmitolate degradation	1000	1000	1000	1000	1000	1000	1000	1000	1000	1000	1000	1000	1000	1000	1000	1000	1000	1000	1000	1000	1000	1000	1000	1000	1000	1000	1000	1000	1000	1000	1000	1000	1000	1000	1000	1000	1000	1000	1000	1000	1000	1000	1000	1000	1000	1000	1000	1000	1000	1000	1000	1000	1000	1000	1000	1000	1000	1000	1000	1000	1000	1000
LIPIDS METABOLISM	FATTY ACID METABOLISM	cis-vaccenic acid synthesis	1000	1000	1000	1000	1000	1000	0.536136647694633	666	1000	1000	1000	1000	1000	1000	1000	1000	1000	1000	1000	1000	0.0000000501687942670509	1000	1000	1000	1000	1000	1000	1000	1000	600	1000	1000	1000	1000	1000	1000	1000	1000	1000	1000	1000	1000	1000	1000	1000	1000	1000	1000	1000	1000	1000	1000	1000	1000	1000	1000	1000	0.399999999999995	1000	1000	1000	1000
LIPIDS METABOLISM	FATTY ACID METABOLISM	cis-vaccenic acid degradation	1000	1000	1000	1000	1000	1000	1000	1000	1000	1000	1000	1000	1000	1000	1000	1000	1000	1000	1000	1000	1000	1000	1000	1000	1000	1000	1000	1000	1000	1000	1000	1000	1000	1000	1000	1000	1000	1000	1000	1000	1000	1000	1000	1000	1000	1000	1000	1000	1000	1000	1000	1000	1000	1000	1000	1000	1000	1000	1000	1000	1000	1000
LIPIDS METABOLISM	FATTY ACID METABOLISM	Elaidate synthesis	1000	0	0.000000262058898305111	1000	0.00000836776696386112	0	0	0.00000607204136007591	1000	0.000000109060862704574	1000	0	0.000000034064772500814	0	0	0	1000	0	0	1000	0.00000134538418392602	0.0000000252946330354956	1000	1000	0	0	1000	0.000000275257005766429	0	0.000000199883925137749	1000	1000	0	0	0	1000	0	0	1000	0	0.0000000198702734085698	1000	0.000000396581178502277	1000	1000	0	0.0000000257911515296823	0	1000	1000	0	1000	0	0	0	0	0	0	0.276508694698896	1000	1000	250
LIPIDS METABOLISM	FATTY ACID METABOLISM	Elaidate degradation	1000	1000	1000	1000	1000	1000	1000	1000	1000	1000	1000	1000	1000	1000	1000	1000	1000	1000	1000	1000	1000	1000	1000	1000	1000	1000	1000	1000	1000	1000	1000	1000	1000	1000	1000	1000	1000	1000	1000	1000	1000	1000	1000	1000	1000	1000	1000	1000	1000	1000	1000	1000	1000	1000	1000	1000	1000	1000	1000	1000	1000	1000
LIPIDS METABOLISM	FATTY ACID METABOLISM	Linolenate degradation	1000	1000	1000	1000	1000	1000	1000	1000	1000	1000	1000	1000	1000	1000	1000	1000	1000	1000	1000	1000	1000	1000	1000	1000	1000	1000	1000	1000	1000	1000	1000	1000	1000	1000	1000	1000	1000	1000	1000	1000	1000	1000	1000	1000	1000	1000	1000	1000	1000	1000	1000	1000	1000	1000	1000	1000	1000	1000	1000	1000	1000	1000
LIPIDS METABOLISM	FATTY ACID METABOLISM	Linoleate degradation	1000	1000	1000	1000	1000	1000	1000	1000	1000	1000	1000	1000	1000	1000	1000	1000	1000	1000	1000	1000	1000	1000	1000	1000	1000	1000	1000	1000	1000	1000	1000	1000	1000	1000	1000	1000	1000	1000	1000	1000	1000	1000	1000	1000	1000	1000	1000	1000	1000	1000	1000	1000	1000	1000	1000	1000	1000	1000	1000	1000	1000	1000
LIPIDS METABOLISM	FATTY ACID METABOLISM	gamma-Linolenate synthesis	1000	1000	1000	1000	1000	1000	1000	1000	1000	1000	1000	1000	1000	1000	1000	1000	1000	1000	1000	1000	1000	1000	1000	1000	1000	1000	1000	1000	1000	1000	1000	1000	1000	1000	1000	1000	1000	1000	1000	1000	1000	1000	1000	1000	1000	1000	1000	1000	1000	1000	1000	1000	1000	1000	1000	1000	1000	1000	1000	1000	1000	1000
LIPIDS METABOLISM	FATTY ACID METABOLISM	gamma-Linolenate degradation	1000	1000	1000	1000	1000	1000	1000	1000	1000	1000	1000	1000	1000	1000	1000	1000	1000	1000	1000	1000	1000	1000	1000	1000	1000	1000	1000	1000	1000	1000	1000	1000	1000	1000	1000	1000	1000	1000	1000	1000	1000	1000	1000	1000	1000	1000	1000	1000	1000	1000	1000	1000	1000	1000	1000	1000	1000	1000	1000	1000	1000	1000
LIPIDS METABOLISM	FATTY ACID METABOLISM	Arachidonate synthesis	1000	1000	1000	1000	1000	1000	1000	1000	1000	1000	1000	200	1000	1000	1000	1000	1000	1000	1000	1000	900	1000	1000	1000	1000	1000	1000	1000	1000	1000	1000	1000	1000	1000	1000	1000	1000	1000	1000	1000	1000	1000	1000	1000	1000	1000	1000	1000	1000	1000	1000	1000	1000	1000	1000	1000	1000	1000	1000	1000	1000	1000
LIPIDS METABOLISM	FATTY ACID METABOLISM	Arachidonate degradation	1000	1000	1000	1000	1000	1000	1000	1000	1000	1000	1000	1000	1000	1000	1000	1000	1000	1000	1000	1000	1000	1000	1000	1000	1000	1000	1000	1000	1000	1000	1000	1000	1000	1000	1000	1000	1000	1000	1000	1000	1000	1000	1000	1000	1000	1000	1000	1000	1000	1000	1000	1000	1000	1000	1000	1000	1000	1000	1000	1000	1000	1000
LIPIDS METABOLISM	FATTY ACID METABOLISM	Synthesis of malonyl-coa	1000	1000	1000	1000	1000	1000	1000	1000	1000	1000	1000	1000	1000	1000	1000	1000	1000	1000	1000	1000	1000	1000	1000	1000	1000	1000	1000	1000	1000	1000	1000	1000	0	1000	0	1000	0	1000	1000	1000	1000	1000	1000	1000	1000	1000	1000	1000	1000	1000	1000	1000	0	1000	0	0	1000	1000	1000	1000	1000	1000
LIPIDS METABOLISM	FATTY ACID METABOLISM	Synthesis of palmitoyl-CoA	1000	1000	1000	1000	1000	1000	0.0000000415712806116451	642	1000	1000	1000	1000	246	1000	1000	1000	1000	1000	1000	1000	0.000000512928749669267	1000	1000	1000	1000	1000	1000	1000	1000	1000	1000	1000	1000	1000	1000	1000	1000	1000	1000	1000	1000	1000	1000	1000	1000	1000	1000	1000	1000	1000	1000	1000	1000	0.00000000113132885421751	1000	1000	1000	1000	1000	1000	1000	1000
LIPIDS METABOLISM	BILE ACID SYNTHESIS	Taurochenodeoxycholate synthesis	0	0	0	0	0	0	0	0	0	0	0	0	0	0	0	0	0	0	0	0	0	0	0	0	0	0	0	0	0	0	0	0	0	0	0	0	0	0	0	0	0	0	0	0	0	0	0	0	0	0	0	0	0	0	0	0	0	0	0	0	0	0
LIPIDS METABOLISM	BILE ACID SYNTHESIS	Glycochenodeoxycholate synthesis	1000	1000	1000	1000	1000	1000	1000	1000	1000	1000	1000	1000	1000	1000	1000	1000	1000	1000	1000	1000	1000	1000	1000	1000	1000	1000	1000	1000	1000	1000	1000	1000	1000	1000	1000	1000	1000	1000	1000	1000	1000	1000	1000	1000	1000	1000	1000	1000	1000	1000	1000	1000	1000	1000	1000	1000	1000	1000	1000	1000	1000	1000
LIPIDS METABOLISM	BILE ACID SYNTHESIS	tauro-cholate synthesis	1000	1000	1000	1000	1000	1000	1000	1000	1000	1000	1000	1000	1000	1000	1000	1000	1000	1000	1000	1000	1000	1000	1000	1000	1000	1000	1000	1000	1000	1000	1000	1000	1000	1000	1000	1000	1000	1000	1000	1000	1000	1000	1000	1000	1000	1000	1000	1000	1000	1000	1000	1000	1000	1000	1000	1000	1000	1000	1000	1000	1000	1000
LIPIDS METABOLISM	BILE ACID SYNTHESIS	glyco-cholate synthesis	0	0	0	0	0	0	0	0	0	0	0	0	0	0	0	0	0	0	0	0	0	0	0	0	0	0	0	0	0	0	0	0	0	0	0	0	0	0	0	0	0	0	0	0	0	0	0	0	0	0	0	0	0	0	0	0	0	0	0	0	0	0
LIPIDS METABOLISM	EICOSANOID METABOLISM	Synthesis of thromboxane from arachidonate	0	0	0	0	0	0	0	0	0	0	0	0	0	0	0	0	0	0	0	0	0	0	0	0	0	0	0	0	0	0	0	0	0	0	0	0	0	0	0	0	0	0	0	0	0	0	0	0	0	0	0	0	0	0	0	0	0	0	0	0	0	750
LIPIDS METABOLISM	GANGLIOSIDE METABOLISM	Synthesis of galactosyl glucosyl ceramide (link with ganglioside metabolism)	0	0	0	0	0	0	0	0	0	0	0	0	0	0	0	0	0	0	0	0	0	0	0	0	0	0	0	0	0	0	0	0	0	0	0	0	0	0	0	0	0	0	0	0	0	0	0	0	0	0	0	0	0	0	0	0	0	0	0	0	0	0
LIPIDS METABOLISM	GANGLIOSIDE METABOLISM	Synthesis of glucocerebroside	1000	1000	1000	1000	1000	0.0250774750317302	1000	1000	1000	1000	0.0250198607325440	1000	1000	1000	1000	1000	1000	0	1000	0	1000	1000	0	1000	1000	1000	1000	1000	1000	1000	1000	1000	1000	1000	0	1000	1000	1000	0	1000	0	1000	1000	1000	1000	1000	1000	1000	1000	0.0250766464681669	500	1000	1000	1000	1000	1000	1000	1000	1000	1000	1000	1000
LIPIDS METABOLISM	GLOBOSIDE METABOLISM	Synthesis of globoside (link with globoside metabolism)	0	0	0	0	0	0	0	0	0	0	0	0	0	0	0	0	0	0	0	0	0	0	0	0	0	0	0	0	0	0	0	0	0	0	0	0	0	0	0	0	0	0	0	0	0	0	0	0	0	0	0	0	0	0	0	0	0	0	0	0	0	0
VITAMIN & COFACTOR METABOLISM	COENZYME NAD BIOSYNTHESIS	NAD synthesis from nicotinamide	1000	1000	1000	1000	1000	1000	1000	1000	1000	1000	1000	1000	1000	1000	1000	1000	1000	1000	1000	1000	1000	1000	1000	1000	1000	1000	1000	1000	1000	1000	1000	1000	1000	1000	1000	1000	1000	1000	1000	1000	1000	1000	1000	1000	1000	1000	1000	1000	1000	1000	1000	1000	1000	1000	1000	1000	1000	1000	1000	1000	1000	1000
VITAMIN & COFACTOR METABOLISM	COENZYME FAD BIOSYNTHESIS	FAD synthesis	1000	1000	1000	1000	1000	1000	1000	1000	1000	1000	1000	1000	1000	1000	1000	1000	1000	1000	1000	1000	1000	1000	1000	1000	1000	1000	1000	1000	1000	1000	1000	1000	1000	1000	1000	1000	1000	1000	1000	1000	1000	1000	1000	1000	1000	1000	1000	1000	1000	1000	1000	1000	1000	1000	1000	1000	1000	1000	1000	1000	1000	1000
VITAMIN & COFACTOR METABOLISM	COENZYME A BIOSYNTHESIS	Synthesis of coenzyme A	1000	1000	1000	1000	1000	1000	1000	1000	1000	1000	1000	1000	1000	1000	1000	1000	1000	1000	1000	1000	1000	1000	1000	1000	1000	1000	1000	1000	1000	1000	1000	1000	1000	1000	1000	1000	1000	1000	1000	1000	1000	1000	1000	1000	1000	1000	1000	1000	1000	1000	1000	1000	1000	1000	1000	1000	1000	1000	1000	1000	1000	1000
VITAMIN & COFACTOR METABOLISM	FOLATE METABOLISM	Tetrahydrofolate synthesis	1000	1000	1000	1000	1000	1000	1000	1000	1000	1000	1000	1000	1000	1000	1000	1000	1000	1000	1000	1000	1000	1000	1000	1000	1000	1000	1000	1000	1000	1000	1000	1000	1000	1000	1000	1000	1000	1000	1000	1000	1000	1000	1000	1000	1000	1000	1000	1000	1000	1000	1000	1000	1000	1000	1000	1000	1000	1000	1000	1000	1000	1000
VITAMIN & COFACTOR METABOLISM	VITAMIN B6 METABOLISM	Pyridoxal-phosphate synthesis	1000	1000	1000	1000	1000	1000	1000	1000	1000	1000	1000	1000	1000	1000	1000	1000	1000	1000	1000	1000	1000	1000	1000	1000	1000	1000	1000	1000	1000	1000	1000	1000	1000	1000	1000	1000	1000	1000	1000	1000	1000	1000	1000	1000	1000	1000	1000	1000	1000	1000	1000	1000	1000	1000	1000	1000	1000	1000	1000	1000	1000	1000
VITAMIN & COFACTOR METABOLISM	HEME METABOLISM	Heme synthesis	1000	1000	900	1000	1000	1000	1000	1000	1000	900	1000	1000	622	1000	1000	1000	1000	1000	1000	1000	1000	1000	1000	700	1000	1000	1000	1000	1000	1000	1000	1000	1000	1000	1000	1000	1000	1000	1000	1000	1000	1000	1000	1000	1000	1000	1000	1000	1000	1000	1000	1000	1000	1000	1000	1000	1000	1000	1000	1000	1000	1000
VITAMIN & COFACTOR METABOLISM	GPI ANCHOR BIOSYNTHESIS	Phosphatidyl-inositol to glucosaminyl-acylphosphatidylinositol	0	0	0	0	0	0	0	0	0	0	0	0	0	0	0	0	0	0	0	0	0	0	0	0	0	0	0	0	1000	0	0	0	0	0	1000	0	0	0	0	0	0	0	0	1000	0	0	0	0	0	0	0	0	0	0	0	0	0	0	0	0	0	0
GLYCAN METABOLISM	GPI ANCHOR BIOSYNTHESIS	Glucosaminyl-acylphosphatidylinositoll to deacylated-glycophosphatidylinositol (GPI)-anchored protein	0	0	0	0	0	0	0	0	0	0	0	0	0	0	0	0	0	0	0	0	0	0	0	0	0	0	0	0	0	0	0	0	0	0	0	0	0	0	0	0	0	0	0	0	0	0	0	0	0	0	0	0	0	0	0	0	0	0	0	0	0	0
GLYCAN METABOLISM	N-GLYCAN METABOLISM	Degradation of n2m2nmasn	0	0	0	0	0	0	0	0	0	0	0	0	0	0	0	0	0	0	0	0	0	0	0	0	0	0	0	0	0	0	0	0	0	0	0	0	0	0	0	0	0	0	0	0	0	0	0	0	0	0	0	0	0	0	0	0	0	0	0	0	0	0
GLYCAN METABOLISM	N-GLYCAN METABOLISM	Biosynthesis of m4mpdol-U	0	0	0	0	0	0	0	0	0	0	0	0	0	0	0	0	0	0	0	0	0	0	0	0	0	0	0	0	0	0	0	0	0	0	0	0	0	0	0	0	0	0	0	0	0	0	0	0	0	0	0	0	0	0	0	0	0	0	0	0	0	0
GLYCAN METABOLISM	N-GLYCAN METABOLISM	Biosynthesis of g3m8masn	0	0	0	0	0	0	0	0	0	0	0	0	0	0	0	0	0	0	0	0	0	0	0	0	0	0	0	0	0	0	0	0	0	0	0	0	0	0	0	0	0	0	0	0	0	0	0	0	0	0	0	0	0	0	0	0	0	0	0	0	0	0
GLYCAN METABOLISM	N-GLYCAN METABOLISM	Degradation of s2l2fn2m2masn	0	0	0	0	0	0	0	0	0	0	0	0	0	0	0	0	0	0	0	0	0	0	0	0	0	0	0	0	0	0	0	0	0	0	0	0	0	0	0	0	0	0	0	0	0	0	0	0	0	0	0	0	0	0	0	0	0	0	0	0	0	0
GLYCAN METABOLISM	O-GLYCAN METABOLISM	Biosynthesis of core2 (beta-D-Galactosyl-1.3-(N-acetyl-beta-D-glucosaminyl-1.6)-N-acetyl-D-galactosaminyl-R)	0	0	0	0	0	0	0	0	0	0	0	0	0	0	0	166	0	0	0	0	0	0	0	0	0	0	0	0	0	0	0	0	0	0	0	0	0	0	0	0	0	0	0	0	0	0	0	0	0	0	0	0	0	0	0	0	0	0	0	0	0	0
GLYCAN METABOLISM	O-GLYCAN METABOLISM	Biosynthesis of core4 (NAcetyl-beta-D-glucosaminyl-1.6-(Nacetyl-beta-D-glucosaminyl-1.3)-N-acetyl-D-galactosaminyl-R)	0	0	0	0	0	0	0	0	0	0	0	0	0	0	0	0	0	0	0	0	0	0	0	0	0	0	0	0	0	0	0	0	0	0	0	0	0	0	0	0	0	0	0	0	0	0	0	0	0	0	0	0	0	0	0	0	0	0	0	0	0	0
GLYCAN METABOLISM	O-GLYCAN METABOLISM	Biosynthesis of Tn-antigen (Glycoprotein N-acetyl-D-galactosamine)	0	0	0	0	0	0	0	0	0	0	0	0	0	0	0	500	0	0	0	0	0	0	0	0	0	0	0	0	0	0	0	0	0	0	0	0	0	0	0	0	0	0	0	0	0	0	0	0	0	0	0	0	0	0	0	0	0	0	0	0	0	0
GLYCAN METABOLISM	KERATAN SULFATE METABOLISM	Keratan sulfate biosynthesis from O-glycan (core 2-linked)	0	0	0	0	0	0	0	0	0	0	0	0	0	0	0	0	0	0	0	0	0	0	0	0	0	0	0	0	0	0	0	0	0	0	0	0	0	0	0	0	0	0	0	0	0	0	0	0	0	0	0	0	0	0	0	0	0	0	0	0	0	0
GLYCAN METABOLISM	KERATAN SULFATE METABOLISM	Keratan sulfate biosynthesis from O-glycan (core 4-linked)	0	0	0	0	0	0	0	0	0	0	0	0	0	0	0	0	0	0	0	0	0	0	0	0	0	0	0	0	0	0	0	0	0	0	0	0	0	0	0	0	0	0	0	0	0	0	0	0	0	0	0	0	0	0	0	0	0	0	0	0	0	0
GLYCAN METABOLISM	KERATAN SULFATE METABOLISM	Keratan sulfate degradation	0	0	0	0	0	0	0	0	0	0	0	0	0	0	0	0	0	0	0	0	0	0	0	0	0	0	0	0	0	0	0	0	0	0	0	0	0	0	0	0	0	0	0	0	0	0	0	0	0	0	0	0	0	0	0	0	0	0	0	0	0	0
GLYCAN METABOLISM	KERATAN SULFATE METABOLISM	Keratan sulfate biosynthesis from N-glycan	0	0	0	0	0	0	0	0	0	0	0	0	0	0	0	0	0	0	0	0	0	0	0	0	0	0	0	0	0	0	0	0	0	0	0	0	0	0	0	0	0	0	0	0	0	0	0	0	0	0	0	0	0	0	0	0	0	0	0	0	0	0